255,123456,255123456
366,137262,366137262
377,128241,377128241
388,127706,388127706
399,129426,399129426
400,126499,400126499
255,123456,255123456
366,137262,366137262
377,128241,377128241
388,127706,388127706
399,129426,399129426
400,126499,400126499
255,123456,255123456
366,137262,366137262
377,128241,377128241
388,127706,388127706
399,129426,399129426
400,126499,400126499
255,123456,255123456
366,137262,366137262
377,128241,377128241
388,127706,388127706
399,129426,399129426
400,126499,400126499
255,123456,255123456
366,137262,366137262
377,128241,377128241
388,127721,388127721
399,129426,399129426
400,126499,400126499
255,123456,255123456
366,137262,366137262
377,128241,377128241
388,127726,388127726
399,129426,399129426
255,123456,255123456
366,137262,366137262
377,128241,377128241
388,127730,388127730
399,129426,399129426
400,126499,400126499
